// Aura
// Database file
//
// Exp required for the next level, starting at Lv 1. If client and server
// values differ, client side exp display might be incorrect.
//---------------------------------------------------------------------------

// Version 1 (C1)
//60, 148, 206, 258, 328, 440, 618, 886, 1268, 1788, 2470, 3338, 4416, 5728, 7298, 9150, 11308, 13796, 16638, 19858, 23480, 27528, 32026, 36998, 42468, 48460, 54998, 62106, 69808, 78128, 87090, 96718, 107036, 118068, 129838, 142370, 155688, 169816, 184778, 200598, 217300, 234908, 253446, 272938, 293408, 314880, 337378, 360926, 385548, 411268, 438110, 466098, 495256, 525608, 557178, 589990, 624068, 659436, 696118, 734138, 773520, 814288, 856466, 900078, 945148, 991700, 1039758, 1089346, 1140488, 1193208, 1247530, 1303478, 1361076, 1420348, 1481318, 1544010, 1608448, 1674656, 1742658, 1812478, 1884140, 1957668, 2033086, 2110418, 2189688, 2270920, 2354138, 2439366, 2526628, 2615948, 2707350, 2800858, 2896496, 2994288, 3094258, 3196430, 3300828, 3407476, 3516398, 3627618, 3741160, 3857048, 3975306, 4095958, 4219028, 4344540, 4472518, 4602986, 4735968, 4871488, 5009570, 5150238, 5293516, 5439428, 5587998, 5739250, 5893208, 6049896, 6209338, 6371558, 6536580, 6704428, 6875126, 7048698, 7225168, 7404560, 7586898, 7772206, 7960508, 8151828, 8346190, 8543618, 8744136, 8947768, 9154538, 9364470, 9577588, 9793916, 10013478, 10236298, 10462400, 10691808, 10924546, 11160638, 11400108, 11642980, 11889278, 12139026, 12392248, 12648968, 12909210, 13172998, 13440356, 13711308, 13985878, 14264090, 14545968, 14831536, 15120818, 15413838, 15710620, 16011188, 16315566, 16623778, 16935848, 17251800, 17571658, 17895446, 18223188, 18554908, 18890630, 19230378, 19574176, 19922048, 20274018, 20630110, 20990348, 21354756, 21723358, 22096178, 22473240, 22854568, 23240186, 23630118, 24024388, 24423020, 24826038, 25233466, 25645328, 26061648, 26482450, 26907758, 27337596, 27771988, 28210958, 28654530, 29102728, 29555576, 30013098, 30475318

// Version 2 (C2)
//100, 500, 900, 1300, 1700, 2000, 2300, 2600, 3000, 3400, 3800, 4400, 5000, 6000, 7000, 8000, 9500, 11000, 12500, 14500, 16500, 19200, 22100, 25400, 29000, 33000, 37300, 42100, 47200, 52800, 58800, 65300, 72300, 79800, 87900, 96400, 105500, 115200, 125500, 136400, 147700, 154400, 161300, 168500, 176000, 183600, 191600, 199800, 208300, 217000, 226000, 235400, 245000, 254900, 265100, 275600, 286500, 297700, 309200, 321000, 333200, 345700, 358600, 371800, 385500, 399400, 413800, 428500, 443700, 459200, 475100, 491500, 508200, 525400, 543000, 561000, 579500, 598400, 617800, 637600, 657900, 678600, 699900, 721600, 743800, 766400, 789600, 813300, 837500, 862200, 887400, 913200, 939500, 966300, 993700, 1021600, 1050100, 1079200, 1108800, 1139000, 1169800, 1201200, 1233100, 1265700, 1298900, 1332600, 1367000, 1402100, 1437700, 1474000, 1510900, 1548500, 1586700, 1625600, 1665200, 1705400, 1746300, 1787900, 1830200, 1873200, 1916900, 1961300, 2006400, 2052200, 2098800, 2146000, 2194100, 2242800, 2292300, 2342600, 2393600, 2445400, 2498000, 2551400, 2605500, 2660400, 2716200, 2772700, 2830000, 2888200, 2947200, 3007000, 3067600, 3129100, 3191500, 3254600, 3318700, 3383600, 3449400, 3516000, 3583500, 3652000, 3721300, 3791500, 3862600, 3934600, 4007600, 4081500, 4156300, 4232000, 4308700, 4386300, 4464900, 4544400, 4625000, 4706400, 4788900, 4872300, 4956800, 5042200, 5128600, 5216100, 5304500, 5394000, 5484500, 5576000, 5668600, 5762200, 5856900, 5952600, 6049400, 6147200, 6246200, 6346200, 6447300, 6549400, 6652700, 6757100, 6862600, 6969200, 7076900, 7185800, 7295800, 7406900, 7519200, 7632600, 7747200, 7863000, 7979900, 8098000

// Version 3 (G17S3)
400, 700, 1000, 1300, 1600, 1800, 2000, 2200, 2400, 2600, 2800, 3000, 3300, 3600, 3900, 4300, 4700, 5100, 5600, 6200, 6800, 7600, 8400, 9300, 10300, 11300, 12500, 13800, 15300, 16800, 18500, 20300, 22200, 24300, 26600, 29000, 31600, 34400, 37300, 40400, 43700, 47200, 50900, 54800, 59000, 63300, 67900, 72700, 77700, 83000, 88500, 94300, 100400, 106700, 113300, 120200, 127300, 134800, 142500, 150600, 159000, 167600, 176700, 186000, 195700, 205700, 216000, 226700, 237800, 249200, 261000, 273200, 285700, 298700, 312000, 325700, 339900, 354400, 369400, 384800, 400600, 416900, 433600, 450700, 468400, 486400, 504900, 524000, 543400, 563400, 583900, 604800, 626300, 648200, 670700, 693700, 717200, 741300, 765900, 791000, 816700, 842900, 869700, 897100, 925100, 953600, 982700, 1012400, 1042700, 1073600, 1105100, 1137200, 1170000, 1203400, 1237400, 1272100, 1307400, 1343300, 1379900, 1417200, 1455100, 1493800, 1533100, 1573100, 1613800, 1655100, 1697200, 1740000, 1783600, 1827800, 1872800, 1918500, 1964900, 2012100, 2060100, 2108800, 2158300, 2208600, 2259600, 2311400, 2364000, 2417400, 2471600, 2526600, 2582500, 2639100, 2696600, 2754900, 2814000, 2874000, 2934800, 2996500, 3059100, 3122500, 3186800, 3252000, 3318000, 3385000, 3452800, 3521600, 3591300, 3661800, 3733400, 3805800, 3879200, 3953500, 4028700, 4104900, 4182100, 4260200, 4339300, 4419400, 4500400, 4582500, 4665500, 4749500, 4834600, 4920600, 5007700, 5095800, 5184900, 5275100, 5366300, 5458500, 5551900, 5645200, 5741600, 5838200, 5935700, 6034400, 6134200, 6235000, 6337000, 6440000, 6544200, 6649500, 6755900, 6863500, 6972200, 7082000
