// Aura
// Database file
// 
// Structure:
// RaceId  Name  TimeLimit  Exp  Height  Upper  Lower  Life  Mana  Stamina  Str  Int  Dex  Will  Luck  Defense  Protection  Color1-3
//---------------------------------------------------------------------------

// Normal
//---------------------------------------------------------------------------
200001,"Yellow Jindo",116,1.5, 0.5,1.4,1.4, 48,37,40, 21,16,22,26,24, 0,2, 0x00B08048,0x00808080,0x00A0A0A0
200002,"White Jindo",118,1.5, 0.5,1.4,1.4, 49,38,41, 22,16,22,26,25, 0,2, 0x00FFFFFF,0x00808080,0x00A0A0A0
200003,"Yellow Jindo",116,1.5, 0.5,1.4,1.4, 48,37,40, 21,16,22,26,24, 0,2, 0x00B08048,0x00808080,0x00A0A0A0
200011,"Mini Cockerspaniel",115,1.5, 0.35,1.09,1.5, 42,32,56, 22,20,20,26,18, 0,2, 0x00808080,0x00808080,0x00A0A0A0
200012,"Dapple Thunderspaniel",103,1.5, 0.35,1.09,1.5, 44,66,44, 22,34,20,14,14, 0,2, 0x00808080,0x00808081,0x00A0A0A0
200013,"White Thunderspaniel",103,1.5, 0.35,1.09,1.5, 40,66,46, 24,30,22,12,14, 0,2, 0x00808080,0x00808082,0x00A0A0A0
200014,"Thunder Spaniel Dapple",55,1.5, 0.35,1.09,1.5, 91,66,85, 22,34,20,14,14, 11,6, 0x00808080,0x00808081,0x00A0A0A0
200015,"Thunder Spaniel Dapple",55,1.5, 0.35,1.09,1.5, 91,66,85, 22,34,20,14,14, 11,6, 0x00808080,0x00808081,0x00A0A0A0
200016,"Thunder Spaniel Dapple",55,1.5, 0.35,1.09,1.5, 91,66,85, 22,34,20,14,14, 11,6, 0x00808080,0x00808081,0x00A0A0A0
200021,"Afghan Hound",120,1.5, 0.6,1.4,1.4, 55,29,42, 22,18,22,22,17, 0,2, 0x00808080,0x00808080,0x00808080
200031,"White Poodle",117,1.5, 0.4,1.43,1.45, 66,30,63, 31,16,24,22,16, 0,2, 0x00F5FAFF,0x00808080,0x00808080
200032,"Brown Poodle",117,1.5, 0.4,1.43,1.45, 61,32,66, 33,18,22,20,16, 0,2, 0x00734E23,0x00808080,0x00808080
200101,"Golden Retriever",124,1.5, 0.6,1.4,1.4, 50,35,41, 21,16,20,27,24, 0,2, 0x00908060,0x00404040,0x00808080
200102,"Labrador Retriever",131,1.5, 0.6,1.4,1.4, 75,35,40, 23,16,20,27,24, 0,2, 0x00000000,0x00404040,0x00C0C0C0
200201,"Dalmatian",115,1.5, 0.6,1.4,1.4, 52,39,44, 22,18,24,28,25, 0,2, 0x00808080,0x00404040,0x00808080
200301,"Border Collie",92,1.5, 0.48,1.45,1.45, 52,37,40, 24,18,24,27,24, 0,2, 0x00808080,0x00808080,0x00808080
200401,"Samoyed",108,1.5, 0.52,1.4,1.4, 48,36,44, 22,14,22,28,25, 0,2, 0x00808080,0x00808080,0x00808080
200402,"Samoyed",52,1.5, 0.52,1.4,1.4, 95,36,82, 22,14,22,28,25, 11,6, 0x00808080,0x00808080,0x00808080
200403,"Samoyed",52,1.5, 0.52,1.4,1.4, 95,36,82, 22,14,22,28,25, 11,6, 0x00808080,0x00808080,0x00808080
200404,"Samoyed",52,1.5, 0.52,1.4,1.4, 95,36,82, 22,14,22,28,25, 11,6, 0x00808080,0x00808080,0x00808080
200501,"Miniature Pinscher",117,1.5, 0.4,1.43,1.45, 46,38,48, 20,20,22,25,25, 0,2, 0x00808080,0x00808080,0x00808080
200601,"Greyhound",112,1.5, 0.5,1.6,1.5, 64,39,53, 30,24,25,28,22, 0,2, 0x00808080,0x00808080,0x00808080
200701,"Borzoi",109,1.5, 0.6,1.6,1.4, 57,43,56, 27,26,23,30,25, 0,2, 0x00808080,0x00808080,0x00808080
200801,"Siberian Husky",107,1.5, 0.5,1.5,1.5, 60,36,58, 33,22,21,34,20, 0,2, 0x00808080,0x00808080,0x00808080
201001,"Orange Pixie",102,1.8, 0.6,1.4,1.4, 34,38,32, 27,22,25,20,16, 0,2, 0x00808080,0x00808080,0x00808080
201002,"Brown Pixie",131,1.8, 0.6,1.4,1.4, 66,42,59, 27,25,25,20,16, 0,2, 0x00808080,0x00808080,0x00808080
201003,"Brown Pixie",131,1.8, 0.6,1.4,1.4, 66,42,59, 27,25,25,20,16, 0,2, 0x00808080,0x00808080,0x00808080
201101,"Japanese Bobtail",113,1.8, 0.6,1.4,1.4, 36,41,32, 26,21,26,19,16, 0,2, 0x00808080,0x00FFD060,0x00FFD060
201201,"Light Russian Blue",115,1.8, 0.6,1.4,1.4, 38,41,31, 26,24,27,21,17, 0,2, 0x00708878,0x0080B080,0x0080B080
201202,"Dark Russian Blue",113,1.8, 0.6,1.4,1.4, 37,39,31, 26,22,26,21,15, 0,2, 0x00506860,0x0080B080,0x0080B080
201301,"Bombay",124,1.8, 0.7,1.5,1.5, 58,42,62, 30,22,28,28,16, 0,2, 0x00808080,0x00FEC030,0x00FEC030
201401,"Bengal",102,1.8, 0.8,1.5,1.4, 64,32,60, 35,19,20,36,16, 0,2, 0x00808080,0x00808948,0x00808948
201501,"Siamese",106,1.8, 0.5,1.5,1.5, 60,48,58, 26,30,22,30,18, 0,2, 0x00808080,0x0077A6D4,0x0077A6D4
201601,"Persian",112,1.8, 0.6,1.4,1.4, 36,43,32, 25,27,24,20,15, 0,2, 0x00808080,0x00FED699,0x00C87B4E
201602,"Persian",112,1.8, 0.45,1.6,1.5, 36,43,32, 25,27,24,20,15, 0,2, 0x00808080,0x00FED699,0x00C87B4E
201901,"Himalayan",108,1.7, 0.6,1.3,1.4, 68,38,38, 31,26,20,34,24, 0,2, 0x00808080,0x00808080,0x00808080
201902,"Scottish Fold",94,1.5, 0.6,1.3,1.4, 53,36,36, 29,24,20,35,31, 0,2, 0x00808080,0x00808080,0x00808080
202001,"Brown Fox",92,1.6, 0.5,1.5,1.4, 42,38,41, 27,26,23,17,17, 0,2, 0x00A07070,0x00404040,0x00808080
202101,"Silver Fox",99,1.6, 0.5,1.5,1.4, 51,39,83, 27,29,23,17,17, 0,2, 0x00FFFFFF,0x00808080,0x00808080
202201,"Nine-Tailed Fox",180,1.5, 1.0,1.0,1.0, 200,100,100, 70,50,40,30,30, 20,20, 0x00808080,0x00808080,0x00808080
202202,"Nine-Tailed Fox",180,1.5, 1.0,1.0,1.0, 200,100,100, 70,50,40,30,30, 20,20, 0x00808080,0x00808080,0x00808080
203001,"Gray Wolf",95,1.7, 0.6,1.3,1.4, 44,30,48, 31,11,17,21,17, 0,2, 0x008A8275,0x00000000,0x00B0B0B0
203101,"Black Wolf",109,1.7, 0.6,1.3,1.4, 52,28,45, 36,17,20,23,17, 0,2, 0x00808080,0x007D766A,0x005E6A4F
203102,"Black Wolf",109,1.7, 0.5,1.6,1.5, 52,28,45, 36,17,20,23,17, 0,2, 0x00808080,0x007D766A,0x005E6A4F
204001,"Cow",90,1.3, 0.45,1.5,1.2, 76,15,56, 21,11,17,18,12, 0,2, 0x00808080,0x00633C31,0x00FF9900
204002,"Bull",90,1.3, 1.0,1.0,1.0, 76,15,56, 21,11,17,18,12, 0,2, 0x00808080,0x00808080,0x00808080
204101,"Clover Gnu",93,1.3, 0.45,1.2,1.2, 66,35,56, 24,12,16,12,14, 0,2, 0x00808080,0x00808080,0x00808080
205001,"White Sheep",95,1.2, 0.6,1.4,1.4, 42,30,32, 14,12,22,12,17, 0,2, 0x00808080,0x00FF9900,0x00808080
205002,"Black Sheep",95,1.2, 0.6,1.4,1.4, 42,30,32, 14,12,22,12,17, 0,2, 0x00808080,0x00808080,0x00808080
206001,"White Flame Spider",102,1.6, 0.3,1.4,1.4, 62,25,40, 21,11,20,23,16, 0,2, 0x00808080,0x00404040,0x00C0C0C0
206101,"Laghodessa",107,1.6, 0.6,1.6,1.4, 66,23,45, 32,15,18,26,16, 0,2, 0x00808080,0x00404040,0x00C0C0C0
206201,"Guardian Spider",104,1.5, 0.5,1.4,1.3, 88,35,57, 40,21,30,33,26, 0,2, 0x00808080,0x00323232,0x00808080
207001,"Herb Pig",98,1.4, 0.5,1.4,1.6, 56,45,53, 18,18,25,17,20, 0,2, 0x00808080,0x00808080,0x00808080
207101,"Clover Pig",104,1.4, 0.5,1.4,1.6, 51,44,48, 16,18,22,20,22, 0,2, 0x00808080,0x00808080,0x00808080
207201,"Baby Pig",121,1.4, 0.5,1.6,1.5, 53,35,38, 27,22,23,25,22, 0,2, 0x00808080,0x00808080,0x00808080
207301,"Golden Pig",113,1.4, 0.5,1.4,1.6, 46,43,47, 17,20,17,26,30, 0,2, 0x00B6A379,0x00808080,0x00808080
208001,"Albino King Snake",105,1.8, 0.4,1.43,1.45, 53,55,72, 24,37,27,15,10, 0,2, 0x00808080,0x00808080,0x00808080
208101,"Desert Cobra",98,1.8, 0.6,1.43,1.45, 55,34,58, 28,26,28,12,10, 0,2, 0x00808080,0x00808080,0x00808080
208102,"Coral Cobra",107,1.8, 0.6,1.43,1.45, 48,42,52, 22,32,22,14,12, 0,2, 0x00808080,0x00808080,0x00808080
210001,"Mini Bear",96,1.6, 0.2,1.33,1.45, 84,21,74, 42,10,25,27,18, 0,2, 0x0067544C,0x00808080,0x00808080
210002,"Beyaya",96,1.6, 0.2,1.33,1.0, 84,21,74, 42,10,25,27,18, 0,2, 0x008C6133,0x00808080,0x00808080
210003,"Panda",96,1.6, 0.28,1.3,1.45, 84,21,74, 42,10,25,27,18, 0,2, 0x00808080,0x00808080,0x00808080
210004,"Red Panda",104,1.6, 0.2,1.33,1.45, 64,42,56, 38,12,26,28,15, 0,2, 0x00808080,0x00808080,0x00808080
210005,"Polar Bear",104,1.6, 0.2,1.33,1.45, 64,42,56, 38,12,26,28,15, 0,2, 0x00808080,0x00808080,0x00808080
210006,"Holiday Mini Bear",96,1.6, 0.2,1.33,1.45, 84,21,74, 42,10,25,27,18, 0,2, 0x00808080,0x00808080,0x00808080
210007,"Beyaya",96,1.6, 0.2,1.33,1.0, 84,21,74, 42,10,25,27,18, 0,2, 0x00808080,0x00808080,0x00808080
210101,"Lesser Panda",102,1.6, 0.5,1.5,1.4, 45,42,34, 26,31,29,15,18, 0,2, 0x00808080,0x00808080,0x00808080
210102,"Lesser Panda",120,1.6, 0.5,1.5,1.4, 54,57,45, 27,36,33,24,22, 0,2, 0x00808080,0x00808080,0x00808080
220001,"White Hedgehog",117,1.6, 0.6,1.35,1.7, 66,30,63, 31,16,24,22,16, 0,2, 0x00A2A2A2,0x00353535,0x00808080
220002,"Black Hedgehog",117,1.6, 0.6,1.35,1.7, 61,32,66, 33,18,22,20,16, 0,2, 0x00A2A2A2,0x00353535,0x00808080
230001,"White Ferret",109,1.8, 0.3,1.6,1.6, 52,46,46, 25,36,20,14,14, 0,2, 0x00808080,0x00808080,0x00808080
230002,"Black Ferret",109,1.8, 0.3,1.6,1.6, 50,46,48, 27,34,22,12,14, 0,2, 0x00808080,0x00808080,0x00808080
240001,"Bluebird",108,1.2, 0.3,2.0,2.0, 34,42,34, 20,18,26,20,25, 0,2, 0x00808080,0x00808080,0x00808080
240002,"Crow",124,1.2, 0.6,1.5,1.4, 36,32,48, 22,22,20,22,20, 0,2, 0x00808080,0x00808080,0x00808080
240003,"Falcon",98,1.2, 0.8,1.5,1.4, 48,27,44, 24,15,18,25,14, 0,2, 0x00808080,0x00808080,0x00808080
240004,"Goldfinch",106,1.2, 0.8,1.5,1.4, 39,27,46, 22,20,22,27,20, 0,2, 0x00808080,0x00808080,0x00808080
240005,"Pitta",127,1.2, 0.8,1.5,1.4, 36,42,30, 20,24,23,23,24, 0,2, 0x00808080,0x00808080,0x00808080
240006,"Kingfisher",112,1.2, 0.8,1.5,1.4, 43,25,37, 26,18,25,25,18, 0,2, 0x00808080,0x00808080,0x00808080
240007,"Yellow Sprite",102,1.4, 0.6,1.2,1.15, 43,46,47, 24,38,30,26,26, 0,2, 0x00373737,0x00AEA15D,0x00808080
240008,"Lime Sprite",114,1.25, 0.6,1.2,1.15, 45,51,41, 28,40,28,29,25, 0,2, 0x00373737,0x0087AE5D,0x00808080
240009,"Rainbow Sprite",114,1.25, 0.6,1.2,1.15, 45,51,41, 28,40,28,29,25, 0,2, 0x00373737,0x0079B8D8,0x00808080
240010,"Blue Bird",59,1.2, 0.3,2.0,2.0, 75,42,68, 20,18,26,20,25, 10,5, 0x00808080,0x00808080,0x00808080
240011,"Pitta",58,1.2, 0.3,2.0,2.0, 73,42,65, 20,24,23,23,24, 10,5, 0x00808080,0x00808080,0x00808080
240012,"Snowy Owl",52,1.6, 0.3,2.0,2.0, 86,46,77, 29,34,29,22,29, 10,5, 0x00808080,0x00808080,0x00808080
240013,"Pitta",58,1.2, 0.8,1.5,1.4, 73,42,65, 20,24,23,23,24, 10,5, 0x00808080,0x00808080,0x00808080
240014,"Pitta",58,1.2, 0.8,1.5,1.4, 73,42,65, 20,24,23,23,24, 10,5, 0x00808080,0x00808080,0x00808080
240015,"Pitta",58,1.2, 0.8,1.5,1.4, 73,42,65, 20,24,23,23,24, 10,5, 0x00808080,0x00808080,0x00808080
240016,"Snowy Owl",52,1.6, 0.8,1.5,1.4, 86,46,77, 29,34,29,22,29, 10,5, 0x00808080,0x00808080,0x00808080
240017,"Snowy Owl",52,1.6, 0.8,1.5,1.4, 86,46,77, 29,34,29,22,29, 10,5, 0x00808080,0x00808080,0x00808080
240018,"Snowy Owl",52,1.6, 0.8,1.5,1.4, 86,46,77, 29,34,29,22,29, 10,5, 0x00808080,0x00808080,0x00808080
251002,"Green Gecko",104,1.6, 0.28,1.09,1.5, 45,43,38, 18,19,22,21,20, 0,2, 0x00808080,0x00808082,0x00A0A0A0
251003,"Short Horned Lizard",118,1.6, 0.28,1.09,1.5, 47,41,40, 20,18,22,23,22, 0,2, 0x00808080,0x00808082,0x00A0A0A0
260014,"Mini Unicorn",103,1.5, 0.4,1.0,1.0, 62,42,41, 28,25,28,31,35, 5,5, 0x00808080,0x00808080,0x00808080
270601,"Alpaca",180,1.8, 1.0,1.0,1.0, 90,70,80, 40,50,36,46,30, 0,2, 0x00808080,0x00808080,0x00808080
270602,"Christmas Alpaca",180,1.8, 1.0,1.0,1.0, 90,70,80, 40,50,36,46,30, 0,2, 0x00808080,0x00808080,0x00808080
270701,"Little Hopper",180,1.1, 1.0,1.0,1.0, 200,50,150, 70,20,40,30,30, 20,25, 0x00808080,0x00808080,0x00808080
270702,"Little Hopper",180,1.1, 1.0,1.0,1.0, 200,50,150, 70,20,40,30,30, 20,25, 0x00808080,0x00808080,0x00808080
270801,"Gorilla",180,1.1, 1.0,1.0,1.0, 200,50,150, 70,20,40,30,30, 20,25, 0x00808080,0x00808080,0x00808080
270802,"Gorilla",180,1.1, 1.0,1.0,1.0, 200,50,150, 70,20,40,30,30, 20,25, 0x00808080,0x00808080,0x00808080
271001,"Lovely Boston Terrier",150,1.5, 0.6,1.3,1.4, 48,37,40, 21,20,22,26,35, 0,2, 0x00B08048,0x00808080,0x00A0A0A0
271101,"Lovely Siamese",150,1.5, 0.6,1.3,1.4, 48,37,40, 21,20,22,26,35, 0,2, 0x00B08048,0x00808080,0x00A0A0A0
271201,"Lovely Scottish Fold",150,1.5, 0.6,1.3,1.4, 48,37,40, 21,20,22,26,35, 0,2, 0x00B08048,0x00808080,0x00A0A0A0
271301,"Lovely Labrador Retriever",150,1.5, 0.6,1.3,1.4, 48,37,40, 21,20,22,26,35, 0,2, 0x00B08048,0x00808080,0x00A0A0A0
290001,"Kangaroo Rat",108,1.8, 0.37,1.09,1.5, 42,52,32, 15,22,20,18,24, 0,2, 0x00808080,0x00808082,0x00A0A0A0
290002,"Golden Rat",108,1.8, 0.37,1.09,1.5, 42,52,32, 15,22,20,18,24, 0,2, 0x00808080,0x00808082,0x00A0A0A0
290101,"Hamster",117,1.8, 0.45,1.2,1.5, 45,36,36, 22,21,25,27,19, 0,2, 0x00808080,0x00706B78,0x007C7168
290102,"Hamster",117,1.8, 0.5,1.5,1.5, 45,36,36, 22,21,25,27,19, 0,2, 0x00808080,0x00706B78,0x007C7168
290103,"Rat Man",117,1.8, 0.5,1.5,1.5, 45,36,36, 22,21,25,27,19, 0,2, 0x00808080,0x00808080,0x007C7168
340201,"Emperor Penguin",106,1.2, 0.8,1.4,1.2, 42,38,32, 28,22,20,18,16, 0,2, 0x00808080,0x00808080,0x00808080
340202,"Adelie Penguin",112,1.2, 0.5,1.6,1.2, 36,30,52, 24,20,28,26,16, 0,2, 0x00808080,0x00808080,0x00808080
440401,"Yellow Tiger Cub",107,1.5, 0.6,1.4,1.4, 84,29,60, 42,15,25,30,19, 0,2, 0x00808080,0x00808080,0x00808080
440402,"White Tiger Cub",117,1.6, 0.6,1.4,1.4, 85,35,66, 42,21,28,30,20, 0,2, 0x00808080,0x00808080,0x00808080
450101,"Spotted Deer",112,1.5, 0.5,1.4,1.6, 45,46,36, 20,27,27,22,21, 0,2, 0x00808080,0x00808080,0x00808080
450201,"Short Horned Antelope",130,1.5, 0.5,1.4,1.6, 53,32,44, 24,20,22,25,21, 0,2, 0x00808080,0x00808080,0x00808080
470001,"Mini Skeleton",117,1.8, 0.46,1.7,0.8, 68,32,68, 38,10,22,18,2, 0,2, 0x00808080,0x00808080,0x00808080
470002,"Arctic Skeleton",117,1.8, 0.46,1.7,0.8, 68,32,68, 38,10,22,18,2, 0,2, 0x00808080,0x00808080,0x00808080
470003,"Mini Skeleton",117,1.8, 0.46,1.7,0.8, 68,32,68, 38,10,22,18,2, 0,2, 0x00808080,0x00808080,0x00808080
470101,"Little Ghost",107,1.55, 1.0,1.0,1.0, 52,40,44, 22,30,22,19,7, 0,2, 0x00808080,0x00808080,0x00808080
470102,"Little Ghost",107,1.55, 1.0,1.0,1.0, 52,40,44, 22,30,22,19,7, 0,2, 0x00808080,0x00808080,0x00808080
471001,"Skeleton Maid",117,1.8, 0.46,1.7,0.8, 10,10,10, 10,10,10,10,2, 0,2, 0x00808080,0x00808080,0x00808080
471002,"Brown Explorer Cat",117,1.8, 0.6,1.4,1.4, 10,10,10, 10,10,10,10,2, 0,2, 0x00808080,0x00808080,0x00808080
471003,"Petal Collar Dog",117,1.8, 0.4,1.43,1.45, 10,10,10, 10,10,10,10,2, 0,2, 0x00808080,0x00808080,0x00808080
471005,"Shark Robe Seal",105,1.7, 0.4,1.43,1.45, 10,10,10, 10,10,10,10,2, 0,2, 0x00808080,0x00808080,0x00808080
471006,"Skeleton Maid",117,1.8, 0.46,1.7,0.8, 68,32,68, 38,10,22,18,2, 0,2, 0x00808080,0x00808080,0x00808080
471007,"Shark Robe Seal",92,1.8, 0.6,1.1,1.0, 55,43,32, 18,34,22,32,25, 0,2, 0x00808080,0x00808080,0x00808080
490025,"Warp Imp",112,1.7, 0.2,3.6,1.5, 72,38,43, 24,31,26,23,29, 0,2, 0x00808080,0x00808080,0x00808080
500001,"Black Mud Crab",90,1.6, 0.75,1.0,1.0, 50,33,34, 33,40,27,27,28, 0,2, 0x00808080,0x00808080,0x00808080
500002,"Red Rock Crab",111,1.7, 0.75,1.0,1.0, 45,40,39, 27,38,24,30,29, 0,2, 0x00808080,0x00808080,0x00808080
511001,"Monkey",105,1.5, 0.26,1.37,1.3, 66,51,44, 28,30,31,14,17, 0,2, 0x00808080,0x00808080,0x00808080
550001,"White Elephant",82,1.25, 0.7,1.0,1.0, 58,32,52, 30,25,27,29,17, 0,2, 0x00808080,0x00808080,0x00808080
550002,"Blue Elephant",94,1.1, 0.7,1.0,1.0, 62,26,56, 38,18,26,28,22, 0,2, 0x00808080,0x00808080,0x00808080
570001,"Eagle Owl",88,1.6, 0.6,1.0,1.0, 58,39,70, 28,23,24,32,17, 0,2, 0x00808080,0x00808080,0x00808080
570002,"Snowy Owl",97,1.6, 0.6,1.0,1.0, 47,46,54, 29,34,29,22,29, 0,2, 0x00808080,0x00808080,0x00808080
580001,"Black Seal",105,1.7, 0.6,1.1,1.0, 61,37,38, 26,22,26,30,31, 0,2, 0x00808080,0x00808080,0x00808080
580002,"White Seal",92,1.8, 0.6,1.1,1.0, 55,43,32, 18,34,22,32,25, 0,2, 0x00808080,0x00808080,0x00808080
580003,"Black Seal with Mini Pet",105,1.7, 0.6,1.1,1.0, 61,37,38, 26,22,26,30,31, 0,2, 0x00808080,0x00808080,0x00808080
580004,"White Seal with Mini Pet",92,1.8, 0.6,1.1,1.0, 55,43,32, 18,34,22,32,25, 0,2, 0x00808080,0x00808080,0x00808080
640101,"Jungle Scout Imp",112,1.7, 0.25,3.2,1.5, 72,38,43, 24,31,26,23,29, 0,2, 0x00808080,0x00808080,0x00808080
640102,"Lava Walker Imp",112,1.7, 0.25,3.2,1.5, 72,38,43, 24,31,26,23,29, 0,2, 0x00808080,0x00808080,0x00808080
640103,"Warp Imp",112,1.7, 0.2,3.6,1.5, 72,38,43, 24,31,26,23,29, 0,2, 0x00808080,0x00808080,0x00808080
640104,"Warp Imp",78,1.7, 0.2,3.6,1.5, 72,38,43, 24,31,26,23,29, 0,2, 0x00808080,0x00808080,0x00808080
640105,"Teleport Magician Imp",78,1.7, 0.2,3.6,1.5, 72,38,43, 24,31,26,23,29, 0,2, 0x00808080,0x00808080,0x00808080
650101,"Treat Pumpkin",94,1.6, 0.8,1.0,1.0, 52,46,48, 24,38,32,26,22, 0,2, 0x00808080,0x00808080,0x00808080
650102,"Trick Pumpkin",102,1.5, 0.8,1.0,1.0, 43,56,47, 22,40,30,27,25, 0,2, 0x00808080,0x00808080,0x00808080

// Mounts
//---------------------------------------------------------------------------
260001,"Haflinger",87,1.3, 0.77,1.14,1.3, 66,42,78, 26,32,26,30,14, 0,2, 0x00808080,0x00808080,0x00808080
260002,"Thoroughbred",92,1.3, 0.77,1.14,1.3, 60,32,74, 34,24,22,24,12, 0,2, 0x00808080,0x00808080,0x00808080
260003,"Shire",90,1.3, 0.77,1.14,1.3, 72,36,72, 30,28,24,26,16, 0,2, 0x00808080,0x00808080,0x00808080
260004,"Unicorn",90,1.3, 0.77,1.14,1.3, 72,36,72, 30,28,24,26,16, 0,2, 0x00808080,0x00808080,0x00808080
260005,"Black Unicorn",90,1.3, 0.77,1.14,1.3, 72,36,72, 30,28,24,26,16, 0,2, 0x00808080,0x00808080,0x00808080
260011,"Thoroughbred (Color Selectable)",92,1.3, 0.77,1.14,1.3, 60,32,74, 34,24,22,24,12, 0,2, 0x00808080,0x00808080,0x00808080
260012,"Shire (Color Selectable)",90,1.3, 0.77,1.14,1.3, 72,36,72, 30,28,24,26,16, 0,2, 0x00808080,0x00808080,0x00808080
260013,"Unicorn (Color Selectable)",90,1.3, 0.77,1.14,1.3, 72,36,72, 30,28,24,26,16, 0,2, 0x00808080,0x00808080,0x00808080
260015,"Thoroughbred",92,1.3, 0.77,1.14,1.3, 60,32,74, 34,24,22,24,12, 0,2, 0x00808080,0x00808080,0x00808080
260016,"Free Thoroughbred (7-day)",92,1.3, 0.77,1.14,1.3, 60,32,74, 34,24,22,24,12, 0,2, 0x00808080,0x00808080,0x00808080
260017,"Beginner's Horse",92,1.3, 0.77,1.14,1.3, 60,32,74, 34,24,22,24,12, 0,2, 0x00808080,0x00808080,0x00808080
260114,"Event Unicorn (Color Selected)",90,1.3, 0.77,1.14,1.3, 72,36,72, 30,28,24,26,16, 0,2, 0x00808080,0x00808080,0x00808080
270513,"Sunburst Shire",124,1.8, 1.0,1.0,1.0, 90,40,62, 40,25,36,46,30, 0,2, 0x00808080,0x00808080,0x00808080
270519,"Nightshade Mustang",124,1.8, 1.0,1.0,1.0, 90,40,62, 40,25,36,46,30, 0,2, 0x00808080,0x00808080,0x00808080
270520,"Ethereal Mist War Horse",124,1.8, 1.0,1.0,1.0, 90,40,62, 40,25,36,46,30, 0,2, 0x00808080,0x00808080,0x00808080
270521,"Black Flamemare",124,1.8, 1.0,1.0,1.0, 90,40,62, 40,25,36,46,30, 0,2, 0x00808080,0x00808080,0x00808080
270522,"Black Flamemare",124,1.8, 1.0,1.0,1.0, 90,40,62, 40,25,36,46,30, 0,2, 0x00808080,0x00808080,0x00808080
270523,"Black Flamemare",124,1.8, 1.0,1.0,1.0, 90,40,62, 40,25,36,46,30, 0,2, 0x00808080,0x00808080,0x00808080
271401,"Cosmic Stallion",130,1.8, 0.88,1.06,1.1, 300,60,150, 50,60,48,46,30, 15,20, 0x00808080,0x00808080,0x00808080
271402,"Cosmic Stallion",130,1.8, 0.88,1.06,1.1, 300,60,150, 50,60,48,46,30, 15,20, 0x00808080,0x00808080,0x00808080
390001,"Brown Ostrich",97,1.3, 0.9,1.2,1.15, 59,39,67, 26,27,24,31,17, 0,2, 0x00808080,0x00808080,0x00808080
390002,"Black Ostrich",101,1.3, 0.9,1.2,1.15, 70,33,75, 32,25,23,27,15, 0,2, 0x00808080,0x00808080,0x00808080
390003,"White Cotton Ostrich",78,1.3, 0.9,1.2,1.15, 70,33,75, 32,25,23,27,15, 0,2, 0x00808080,0x00808080,0x00808080
390004,"Black Cotton Ostrich",83,1.3, 0.9,1.2,1.15, 59,39,67, 26,27,24,31,17, 0,2, 0x00808080,0x00808080,0x00808080
450601,"Crystal Deer",92,1.8, 0.65,1.2,1.2, 70,45,77, 38,40,36,40,29, 0,2, 0x00808080,0x00808080,0x00808080
490023,"White Flamemare",124,1.8, 1.0,1.0,1.0, 90,40,62, 40,25,36,46,30, 0,2, 0x00808080,0x00808080,0x00808080
490024,"Crystal Rudolph",92,1.8, 0.65,1.2,1.2, 70,45,77, 38,40,36,40,29, 0,2, 0x00808080,0x00808080,0x00808080

// Snow Mounts
//---------------------------------------------------------------------------
110801,"Reindeer",105,1.5, 0.45,1.5,1.2, 58,37,52, 30,22,27,29,25, 0,2, 0x00808080,0x00808080,0x00808080
200802,"Alaskan Husky",122,1.5, 0.6,1.4,1.4, 71,27,58, 35,18,17,36,22, 0,2, 0x00808080,0x00808080,0x00808080
200803,"Malamute",105,1.5, 0.6,1.3,1.4, 58,37,52, 30,22,27,29,25, 0,2, 0x00808080,0x00808080,0x00808080
200804,"Malamute",49,1.5, 0.6,1.3,1.4, 106,37,79, 30,22,27,29,25, 11,6, 0x00808080,0x00808080,0x00808080
200805,"Malamute",49,1.5, 0.6,1.3,1.4, 106,37,79, 30,22,27,29,25, 11,6, 0x00808080,0x00808080,0x00808080
200806,"Malamute",49,1.5, 0.6,1.3,1.4, 106,37,79, 30,22,27,29,25, 11,6, 0x00808080,0x00808080,0x00808080

// Mimics
//---------------------------------------------------------------------------
370001,"Wooden Mimic",92,1.1, 0.01,1.6,1.2, 52,24,43, 21,14,27,31,20, 0,2, 0x00808080,0x00808080,0x00808080
370002,"Antique Mimic",121,1.1, 0.05,1.6,1.2, 67,28,30, 27,17,18,24,20, 0,2, 0x00808080,0x00808080,0x00808080

// Flying Mounts
//---------------------------------------------------------------------------
260115,"Event Griffin",95,1.5, 0.8,1.25,1.4, 70,21,61, 38,14,22,25,15, 0,2, 0x00808080,0x00808080,0x00808080
430001,"Thunderbird",88,1.1, 0.8,1.2,1.4, 48,37,55, 29,27,35,27,10, 0,2, 0x00808080,0x00808080,0x00808080
430003,"7th_Thunderbird",88,1.1, 0.2,2.5,1.4, 48,37,55, 29,27,35,27,10, 0,2, 0x00808080,0x00808080,0x00808080
430004,"Mini_Thunderbird",88,1.1, 0.2,2.5,1.4, 48,37,55, 29,27,35,27,10, 0,2, 0x00808080,0x00808080,0x00808080
430005,"Mini_Thunderbird2",88,1.1, 0.2,2.5,1.4, 48,37,55, 29,27,35,27,10, 0,2, 0x00808080,0x00808080,0x00808080
430101,"Eagle",76,1.1, 0.8,1.2,1.4, 57,25,62, 33,23,31,35,10, 0,2, 0x00808080,0x00808080,0x00808080
430103,"Beginner's Eagle",76,1.1, 0.8,1.2,1.4, 57,25,62, 33,23,31,35,10, 0,2, 0x00808080,0x00808080,0x00808080
430201,"Pelican",88,1.1, 0.9,0.85,1.0, 48,37,55, 29,27,35,27,10, 0,2, 0x00808080,0x00808080,0x00808080
430301,"Griffin",95,1.5, 0.8,1.25,1.4, 70,21,61, 38,14,22,25,15, 0,2, 0x00808080,0x00808080,0x00808080
490001,"Flying Star",94,1.1, 1.0,1.0,1.0, 44,45,43, 29,34,32,22,29, 0,2, 0x00808080,0x00808080,0x00808080
490002,"Oak Magic Broom",94,1.1, 1.0,1.0,1.0, 44,45,43, 29,34,32,22,29, 0,2, 0x00808080,0x00808080,0x00808080
490003,"Straw Magic Broom",72,1.1, 1.0,1.0,1.0, 50,41,44, 33,30,31,27,26, 0,2, 0x00808080,0x00808080,0x00808080
490004,"Magic Carpet",87,1.1, 1.0,1.0,1.0, 50,41,44, 31,30,31,27,26, 0,2, 0x00808080,0x00808080,0x00808080
490005,"Magic Carpet",87,1.1, 1.0,1.0,1.0, 50,41,44, 31,30,31,27,26, 0,2, 0x00808080,0x00808080,0x00808080
490006,"Royal Magic Carpet",96,1.1, 1.0,1.0,1.0, 48,45,43, 30,34,32,24,29, 0,2, 0x00808080,0x00808080,0x00808080
490007,"Royal Magic Carpet",96,1.1, 1.0,1.0,1.0, 48,45,43, 30,34,32,24,29, 0,2, 0x00808080,0x00808080,0x00808080
490008,"Magic Carpet",87,1.1, 1.0,1.0,1.0, 50,41,44, 31,30,31,27,26, 0,2, 0x00808080,0x00808080,0x00808080
490009,"Magic Carpet",87,1.1, 1.0,1.0,1.0, 50,41,44, 31,30,31,27,26, 0,2, 0x00808080,0x00808080,0x00808080
490010,"Premium Magic Carpet",96,1.1, 1.0,1.0,1.0, 48,45,43, 30,34,32,24,29, 0,2, 0x00808080,0x00808080,0x00808080
490011,"Premium Magic Carpet",96,1.1, 1.0,1.0,1.0, 48,45,43, 30,34,32,24,29, 0,2, 0x00808080,0x00808080,0x00808080
490012,"Leek",102,1.1, 1.0,1.0,1.0, 44,45,43, 29,34,32,22,29, 0,2, 0x00808080,0x00808080,0x00808080
490015,"Pegasus",120,1.75, 0.88,1.06,1.1, 280,62,100, 50,60,48,46,30, 10,5, 0x00808080,0x00808080,0x00808080
490016,"Perseus",120,1.75, 0.88,1.06,1.1, 300,42,100, 50,60,48,46,30, 10,5, 0x00808080,0x00808080,0x00808080
490019,"Onion",102,1.1, 1.0,1.0,1.0, 44,45,43, 29,34,32,22,29, 0,2, 0x00808080,0x00808080,0x00808080
490022,"Combat Pegasus",120,1.75, 0.88,1.06,1.1, 300,42,100, 50,60,48,46,30, 10,5, 0x00808080,0x00808080,0x00808080

// Wild Cats
//---------------------------------------------------------------------------
440501,"Bengal Tiger",78,1.5, 1.2,1.23,1.5, 70,24,70, 38,17,23,26,17, 0,2, 0x00808080,0x00808080,0x00808080
440502,"Snow Tiger",83,1.5, 1.2,1.23,1.5, 82,24,70, 38,17,23,26,17, 0,2, 0x00808080,0x00808080,0x00808080
440505,"Wild tiger",41,1.5, 1.2,1.23,1.5, 147,24,93, 38,17,23,26,17, 15,8, 0x00808080,0x00808080,0x00808080
440506,"Wild White tiger",41,1.5, 1.2,1.23,1.5, 155,24,93, 38,17,23,26,17, 15,8, 0x00808080,0x00808080,0x00808080
440507,"Cheetah",90,1.5, 1.2,1.23,1.5, 155,24,93, 38,17,23,26,17, 15,8, 0x00808080,0x00808080,0x00808080
440508,"Cheetah",39,1.5, 1.2,1.23,1.5, 155,24,93, 38,17,23,26,17, 15,8, 0x00808080,0x00808080,0x00808080
440509,"Wild White tiger",41,1.5, 1.2,1.23,1.5, 155,24,93, 38,17,23,26,17, 15,8, 0x00808080,0x00808080,0x00808080
440510,"Wild White tiger",41,1.5, 1.2,1.23,1.5, 155,24,93, 38,17,23,26,17, 15,8, 0x00808080,0x00808080,0x00808080
440511,"Cheetah",39,1.5, 1.2,1.23,1.5, 155,24,93, 38,17,23,26,17, 15,8, 0x00808080,0x00808080,0x00808080
440512,"Cheetah",39,1.5, 1.2,1.23,1.5, 155,24,93, 38,17,23,26,17, 15,8, 0x00808080,0x00808080,0x00808080
440513,"Cheetah",39,1.5, 1.2,1.23,1.5, 155,24,93, 38,17,23,26,17, 15,8, 0x00808080,0x00808080,0x00808080
471008,"Pink Cheetah",90,1.5, 1.2,1.23,1.5, 155,24,93, 38,17,23,26,17, 15,8, 0x00EA7F9D,0x00646E76,0x0083329D

// Dragons
//---------------------------------------------------------------------------
430501,"Thunder Dragon (Dragon Rider Set)",117,1.8, 0.6,1.2,1.3, 80,39,77, 47,32,36,40,29, 0,2, 0x00808080,0x00808080,0x00808080
430502,"Fire Dragon (Dragon Rider Set)",95,1.65, 0.6,1.1,1.4, 70,29,47, 37,22,26,30,19, 0,2, 0x00808080,0x00808080,0x00808080
430503,"Thunder Dragon",117,1.8, 0.6,1.2,1.3, 80,39,77, 47,32,36,40,29, 0,2, 0x00808080,0x00808080,0x00808080
430504,"Fire Dragon",95,1.65, 0.6,1.1,1.4, 70,29,47, 37,22,26,30,19, 0,2, 0x00808080,0x00808080,0x00808080
430505,"Ice Dragon",107,1.75, 0.6,1.1,1.3, 75,52,70, 41,50,38,32,30, 0,2, 0x00808080,0x00808080,0x00808080
430506,"Ice Dragon",107,1.75, 0.6,1.1,1.3, 75,52,70, 41,50,38,32,30, 0,2, 0x00808080,0x00808080,0x00808080
430510,"Thunder Dragon (For 2)",120,1.8, 0.7,1.15,1.24, 80,39,77, 47,32,36,40,29, 0,2, 0x00808080,0x00808080,0x00808080
430511,"Thunder Dragon",120,1.8, 0.7,1.15,1.24, 80,39,77, 47,32,36,40,29, 0,2, 0x00808080,0x00808080,0x00808080
430512,"Bone Dragon",120,1.75, 0.6,1.1,1.3, 350,100,300, 150,100,45,45,30, 15,8, 0x00808080,0x00808080,0x00808080
430513,"Ice Dragon (Event)",107,1.75, 0.6,1.1,1.3, 75,52,70, 41,50,38,32,30, 0,2, 0x00FFCC00,0x00CC3366,0x00808080
430514,"Fire Dragon",117,1.8, 0.6,1.1,1.4, 80,39,77, 47,32,36,40,29, 0,2, 0x00FFFFFF,0x00808080,0x00808080
430515,"Thunder Dragon",95,1.65, 0.6,1.2,1.3, 70,29,47, 37,22,26,30,19, 0,2, 0x00A6180E,0x00808080,0x00808080
430516,"Ice Dragon (Event)",107,1.75, 0.6,1.1,1.3, 75,52,70, 41,50,38,32,30, 0,2, 0x00FFCC00,0x00CC3366,0x00808080
430517,"Fire Dragon",117,1.8, 0.6,1.1,1.4, 80,39,77, 47,32,36,40,29, 0,2, 0x00FFFFFF,0x00808080,0x00808080
430518,"Thunder Dragon",95,1.65, 0.6,1.2,1.3, 70,29,47, 37,22,26,30,19, 0,2, 0x00A6180E,0x00808080,0x00808080
430519,"Bone Dragon",120,1.75, 0.6,1.1,1.3, 350,100,300, 150,100,45,45,30, 15,8, 0x00808080,0x00808080,0x00808080
430520,"Bone Dragon",120,1.75, 0.6,1.1,1.3, 350,100,300, 150,100,45,45,30, 15,8, 0x00808080,0x00808080,0x00808080

// Phoenix
//---------------------------------------------------------------------------
440514,"Phoenix",120,1.1, 0.8,1.2,1.4, 400,300,90, 10,100,60,20,25, 5,50, 0x00D78149,0x00808080,0x00808080
440515,"Blue Phoenix",120,1.1, 0.8,1.2,1.4, 400,300,90, 10,100,60,20,25, 5,50, 0x0052EAFF,0x00808080,0x00808080
440516,"White Phoenix",120,1.1, 0.8,1.2,1.4, 400,300,90, 10,100,60,20,25, 5,50, 0x00FFFFFF,0x00808080,0x00808080
440517,"White Phoenix (Limited Duration)",120,1.1, 0.8,1.2,1.4, 400,300,90, 10,100,60,20,25, 5,50, 0x00FFFFFF,0x00808080,0x00808080
440518,"Blue Phoenix (Limited Duration)",120,1.1, 0.8,1.2,1.4, 400,300,90, 10,100,60,20,25, 5,50, 0x0052EAFF,0x00808080,0x00808080
490026,"Phoenix",120,1.1, 0.8,1.2,1.4, 400,300,90, 10,100,60,20,25, 5,50, 0x00808080,0x00808080,0x00808080

// Clouds
//---------------------------------------------------------------------------
471009,"Rainbow Nimbus",120,1.1, 1.0,1.0,1.0, 0,300,44, 5,5,5,5,10, 15,50, 0x00808080,0x00808080,0x00808080
490013,"Nimbus",120,1.1, 1.0,1.0,1.0, 0,300,44, 5,5,5,5,10, 15,50, 0x00808080,0x00808080,0x00808080
490014,"Dark Cloud",120,1.1, 1.0,1.0,1.0, 0,300,44, 5,5,5,5,10, 15,50, 0x00808080,0x00808080,0x00808080
490017,"Nimbus",120,1.1, 1.0,1.0,1.0, 0,300,44, 5,5,5,5,10, 15,95, 0x00808080,0x00808080,0x00808080
490020,"Cloud Pet",120,1.1, 1.0,1.0,1.0, 0,300,44, 5,5,5,5,10, 15,50, 0x00808080,0x00808080,0x00808080

// Scooters >_>
//---------------------------------------------------------------------------
490018,"Scooter",180,1.5, 1.0,1.0,1.0, 200,24,300, 38,5,60,5,25, 5,50, 0x00808080,0x00808080,0x00808080
490021,"Bike Pet",180,1.5, 1.0,1.0,1.0, 200,24,300, 38,5,60,5,25, 5,50, 0x00808080,0x00808080,0x00808080

// Chef Carriage
//---------------------------------------------------------------------------
270902,"Flying Food Truck",180,1.1, 1.0,1.0,1.0, 150,24,120, 80,40,20,20,35, 15,8, 0x00808080,0x00808080,0x00808080

// Partners
//---------------------------------------------------------------------------
730201,"Partner [Maid]",180,0.05, 1.0,1.0,1.0, 100,80,90, 60,80,60,50,40, 0,2, 0x00808080,0x00808080,0x00808080
730202,"Partner [Butler]",180,0.05, 1.0,1.0,1.0, 120,60,90, 80,40,40,70,40, 0,2, 0x00808080,0x00808080,0x00808080
730204,"Maid Partner",180,0.05, 1.0,1.0,1.0, 300,60,90, 60,80,60,60,40, 0,2, 0x00808080,0x00808080,0x00808080
730205,"Butler Partner",180,0.05, 1.0,1.0,1.0, 350,40,90, 80,60,60,60,40, 0,2, 0x00808080,0x00808080,0x00808080
730206,"Commerce Partner",180,0.05, 1.0,1.0,1.0, 320,300,90, 80,90,50,80,80, 2,2, 0x00808080,0x00808080,0x00808080
